CC1942004_20211027_115800.csv	-44,6263	-23,26396667
CC1942004_20211027_140620.csv	-44,6263	-23,26396667
CC1942004_20211027_171006.csv	-44,6263	-23,26396667
CC1942004_20211027_201715.csv	-44,6263	-23,26396667
CC1942004_20211027_232840.csv	-44,6263	-23,26396667
CC1942004_20211028_021535.csv	-44,6263	-23,26396667
CC1942004_20211028_051823.csv	-44,6263	-23,26396667
CC1942004_20211028_081516.csv	-44,6263	-23,26396667
CC1942004_20211029_100946.csv	-44,5731	-23,21155
CC1942004_20211029_131627.csv	-44,59743333	-23,22795
CC1942004_20211029_141354.csv	-44,61808333	-23,24703333
CC1942004_20211029_150642.csv	-44,64506667	-23,29785
CC1942004_20211029_192849.csv	-44,64608333	-23,28726667
CC1942004_20211029_201815.csv	-44,63461667	-23,27161667
CC1942004_20211103_112729.csv	-44,6263	-23,26396667
CC1942004_20211103_120801.csv	-44,6263	-23,26396667
CC1942004_20211103_140915.csv	-44,6263	-23,26396667
CC1942004_20211103_171041.csv	-44,6263	-23,26396667
CC1942004_20211103_201533.csv	-44,6263	-23,26396667
CC1942004_20211103_231159.csv	-44,6263	-23,26396667
CC1942004_20211104_021851.csv	-44,6263	-23,26396667
CC1942004_20211104_051202.csv	-44,6263	-23,26396667
CC1942004_20211104_081750.csv	-44,6263	-23,26396667
CC1942004_20211105_102225.csv	-44,57156667	-23,2121
CC1942004_20211105_120410.csv	-44,5977	-23,22916667
CC1942004_20211105_131531.csv	-44,61823333	-23,24743333
CC1942004_20211105_141255.csv	-44,64516667	-23,29776667
CC1942004_20211105_182229.csv	-44,64496667	-23,28546667
CC1942004_20211105_190251.csv	-44,63463333	-23,27086667
CC1942004_20211108_105805.csv	-44,37288333	-23,14991667
CC1942004_20211108_130143.csv	-44,46513333	-23,18896667
CC1942004_20211108_144850.csv	-44,58025	-23,17186667
CC1942004_20211108_165424.csv	-44,59771667	-23,09625
CC1942004_20211108_182626.csv	-44,50283333	-23,03608333
CC1942004_20211108_194932.csv	-44,4053	-23,02366667
CC1942004_20211108_205911.csv	-44,3454	-22,98836667
CC1942004_20211109_111630.csv	-43,98218333	-22,97016667
CC1942004_20211109_120306.csv	-43,90283333	-22,92916667
CC1942004_20211109_132146.csv	-43,8166	-22,96096667
CC1942004_20211109_145642.csv	-43,77445	-22,99035
CC1942004_20211109_160410.csv	-43,73223333	-23
CC1942004_20211110_121121.csv	-44,35648333	-23,09571667
CC1942004_20211110_143809.csv	-44,18118333	-23,05903333
CC1942004_20211110_160717.csv	-44,30048333	-23,06425
CC1942004_20211110_173408.csv	-44,27236667	-23
CC1942004_20211110_183842.csv	-44,30895	-23


